4 0.545833 0.793750 0.102778 0.190278
1 0.544907 0.607639 0.065741 0.123611
2 0.297685 0.622222 0.082407 0.147222
2 0.443056 0.606944 0.075000 0.138889
1 0.384722 0.697917 0.071296 0.131944
3 0.564815 0.345833 0.085185 0.163889
3 0.495833 0.108333 0.091667 0.163889
2 0.575000 0.193750 0.083333 0.145833
2 0.491204 0.295139 0.073148 0.140278
4 0.365741 0.209722 0.103704 0.180556
0 0.376852 0.519444 0.062963 0.116667
0 0.394907 0.360417 0.063889 0.120833
0 0.312963 0.373611 0.059259 0.111111
1 0.335648 0.422917 0.071296 0.120833
