0 0.118056 0.280556 0.076852 0.119444
1 0.264815 0.306250 0.074074 0.131944
0 0.305556 0.408333 0.068519 0.113889
0 0.380093 0.374306 0.069444 0.112500
2 0.206944 0.400000 0.082407 0.138889
2 0.438889 0.494444 0.077778 0.138889
2 0.361574 0.504167 0.082407 0.136111
3 0.223148 0.552778 0.088889 0.166667
0 0.137037 0.561806 0.070370 0.126389
2 0.186111 0.685417 0.092593 0.143056
3 0.250463 0.779861 0.089815 0.162500
4 0.396296 0.853472 0.101852 0.176389
1 0.525463 0.688889 0.065741 0.127778
3 0.423611 0.641667 0.089815 0.169444
4 0.311111 0.633333 0.101852 0.177778
