3 0.470370 0.131944 0.090741 0.163889
2 0.420370 0.252083 0.077778 0.140278
4 0.336111 0.197917 0.101852 0.179167
1 0.276389 0.322222 0.073148 0.125000
1 0.311111 0.427083 0.068519 0.120833
0 0.359722 0.340972 0.065741 0.115278
1 0.371759 0.499306 0.069444 0.120833
3 0.431481 0.400694 0.094444 0.165278
2 0.496296 0.297222 0.079630 0.141667
4 0.524537 0.381250 0.099074 0.181944
2 0.491204 0.530556 0.078704 0.138889
2 0.501852 0.614583 0.079630 0.123611
3 0.575463 0.526389 0.091667 0.166667
1 0.647222 0.596528 0.072222 0.131944
1 0.356481 0.636806 0.075926 0.131944
