4 0.285648 0.266667 0.117593 0.202778
0 0.371759 0.139583 0.082407 0.145833
1 0.409259 0.270833 0.079630 0.138889
3 0.522222 0.233333 0.105556 0.188889
2 0.359259 0.395139 0.092593 0.156944
1 0.443056 0.417361 0.075000 0.140278
3 0.526389 0.516667 0.106481 0.183333
1 0.619907 0.470139 0.075000 0.134722
2 0.620833 0.592361 0.087963 0.148611
1 0.237963 0.450000 0.075926 0.136111
1 0.251389 0.580556 0.075000 0.141667
4 0.382407 0.590972 0.112963 0.195833
2 0.481019 0.670833 0.087963 0.152778
3 0.557407 0.779861 0.105556 0.184722
