1 0.360185 0.136111 0.075926 0.130556
0 0.312500 0.327778 0.075000 0.127778
2 0.421759 0.294444 0.082407 0.144444
4 0.506481 0.379861 0.111111 0.193056
2 0.593519 0.373611 0.085185 0.147222
2 0.634259 0.398611 0.085185 0.152778
2 0.372222 0.411806 0.085185 0.151389
1 0.353704 0.557639 0.075926 0.129167
1 0.283333 0.600694 0.081481 0.137500
3 0.439352 0.557639 0.099074 0.176389
0 0.495370 0.665972 0.072222 0.123611
3 0.575463 0.530556 0.095370 0.163889
1 0.656944 0.577083 0.078704 0.134722
3 0.413426 0.732639 0.097222 0.179167
4 0.576852 0.723611 0.105556 0.194444
