0 0.573611 0.26875 0.080556 0.143056
1 0.497222 0.2875 0.094444 0.138889
3 0.468056 0.4375 0.102778 0.186111
1 0.560648 0.505556 0.076852 0.147222
0 0.377778 0.422222 0.083333 0.133333
0 0.478241 0.598611 0.080556 0.136111
1 0.476389 0.739583 0.076852 0.140278
2 0.391204 0.5625 0.089815 0.155556
2 0.381481 0.718056 0.088889 0.158333
4 0.279167 0.415278 0.115741 0.194444
3 0.283333 0.340972 0.112963 0.168056
2 0.288889 0.534028 0.092593 0.131944
4 0.267593 0.699306 0.116667 0.204167
2 0.166204 0.680556 0.087963 0.172222
3 0.144444 0.408333 0.111111 0.194444
