2 0.330093 0.315972 0.087963 0.148611
0 0.266667 0.452778 0.079630 0.127778
1 0.396759 0.243750 0.076852 0.126389
1 0.314815 0.759722 0.083333 0.138889
1 0.382870 0.676389 0.086111 0.133333
0 0.594907 0.681944 0.091667 0.130556
2 0.436574 0.571528 0.095370 0.145833
3 0.522222 0.810417 0.107407 0.170833
3 0.513426 0.640278 0.100926 0.172222
3 0.571296 0.509722 0.101852 0.169444
4 0.548611 0.338889 0.115741 0.191667
2 0.642130 0.466667 0.089815 0.147222
2 0.683796 0.316667 0.087963 0.147222
1 0.739815 0.463194 0.079630 0.137500
4 0.898148 0.615972 0.114815 0.193056
