3 0.207407 0.439583 0.103704 0.176389
0 0.273148 0.345833 0.072222 0.122222
3 0.366667 0.330556 0.096296 0.152778
4 0.498148 0.370833 0.100000 0.177778
2 0.313426 0.473611 0.075000 0.136111
2 0.197222 0.662500 0.087037 0.147222
2 0.274537 0.872222 0.080556 0.144444
1 0.337963 0.615972 0.068519 0.129167
0 0.325926 0.716667 0.075926 0.119444
1 0.384259 0.645833 0.061111 0.127778
0 0.410185 0.711111 0.064815 0.119444
1 0.427778 0.735417 0.068519 0.131944
3 0.425926 0.508333 0.094444 0.158333
4 0.257407 0.575000 0.109259 0.183333
