3 0.456019 0.243056 0.102778 0.175000
2 0.729630 0.433333 0.092593 0.166667
2 0.612500 0.645833 0.086111 0.150000
0 0.662500 0.816667 0.073148 0.138889
1 0.530556 0.834028 0.077778 0.148611
2 0.444907 0.784028 0.087963 0.154167
2 0.314352 0.703472 0.086111 0.162500
1 0.394444 0.672222 0.070370 0.144444
3 0.474537 0.623611 0.097222 0.175000
0 0.513426 0.706944 0.069444 0.116667
0 0.389352 0.338194 0.069444 0.123611
3 0.531019 0.353472 0.095370 0.179167
4 0.499537 0.446528 0.113889 0.184722
4 0.537963 0.545833 0.088889 0.177778
1 0.423611 0.451389 0.065741 0.127778
