0 0.436574 0.144444 0.073148 0.122222
1 0.427315 0.307639 0.073148 0.126389
1 0.342130 0.450694 0.071296 0.129167
3 0.324537 0.605556 0.089815 0.166667
1 0.335648 0.818056 0.073148 0.122222
4 0.398611 0.717361 0.099074 0.179167
3 0.426389 0.552778 0.089815 0.166667
3 0.491667 0.672917 0.090741 0.159722
1 0.563889 0.759722 0.072222 0.130556
0 0.502315 0.503472 0.065741 0.112500
2 0.565741 0.595833 0.079630 0.144444
2 0.656944 0.321528 0.084259 0.143056
2 0.632407 0.475694 0.072222 0.140278
2 0.600926 0.459722 0.064815 0.130556
4 0.699537 0.588889 0.099074 0.183333
