4 0.321759 0.163194 0.099074 0.184722
3 0.409722 0.211806 0.093519 0.165278
2 0.498148 0.234722 0.079630 0.147222
2 0.502315 0.424306 0.078704 0.151389
1 0.594907 0.561806 0.075000 0.137500
4 0.616667 0.756250 0.100000 0.190278
2 0.508796 0.739583 0.080556 0.140278
2 0.461111 0.603472 0.070370 0.140278
3 0.405556 0.366667 0.090741 0.161111
0 0.342593 0.471528 0.062963 0.131944
1 0.412500 0.500694 0.073148 0.134722
1 0.393056 0.552083 0.058333 0.104167
1 0.406481 0.707639 0.070370 0.134722
0 0.470833 0.772222 0.058333 0.130556
