4 0.256481 0.259722 0.131481 0.225000
0 0.209722 0.420833 0.082407 0.150000
3 0.293519 0.515278 0.116667 0.200000
0 0.321296 0.552083 0.079630 0.148611
1 0.562037 0.495833 0.090741 0.158333
2 0.429630 0.198611 0.094444 0.183333
3 0.534259 0.273611 0.131481 0.202778
2 0.634722 0.229167 0.099074 0.177778
4 0.442130 0.417361 0.123148 0.212500
0 0.365278 0.294444 0.086111 0.152778
2 0.362963 0.642361 0.103704 0.181944
2 0.417593 0.611111 0.088889 0.175000
1 0.460185 0.606250 0.072222 0.156944
3 0.483796 0.777083 0.113889 0.198611
