1 0.457870 0.072917 0.099074 0.140278
1 0.363889 0.104861 0.092593 0.154167
4 0.330556 0.272222 0.118519 0.200000
0 0.179167 0.384028 0.089815 0.131944
0 0.085648 0.597222 0.089815 0.147222
4 0.198148 0.553472 0.122222 0.201389
3 0.277778 0.693750 0.120370 0.187500
2 0.278241 0.434722 0.087963 0.144444
2 0.262963 0.408333 0.100000 0.158333
3 0.449537 0.472222 0.112037 0.183333
0 0.567593 0.559722 0.094444 0.136111
3 0.544444 0.401389 0.109259 0.191667
0 0.436574 0.271528 0.095370 0.145833
2 0.342593 0.522917 0.087037 0.156944
2 0.410648 0.638194 0.099074 0.156944
