0 0.448148 0.823611 0.133333 0.102778
0 0.170370 0.488889 0.148148 0.113889
0 0.345370 0.441667 0.146296 0.116667
0 0.390741 0.316667 0.144444 0.116667
0 0.503704 0.382639 0.142593 0.112500
0 0.670370 0.429861 0.135185 0.106944
0 0.803241 0.506944 0.125000 0.111111
0 0.771296 0.652083 0.124074 0.104167
1 0.289352 0.701389 0.152778 0.116667
1 0.175926 0.607639 0.162963 0.123611
1 0.427778 0.524306 0.151852 0.118056
1 0.514352 0.610417 0.145370 0.118056
1 0.582407 0.515972 0.144444 0.115278
1 0.650463 0.675000 0.134259 0.111111
1 0.912963 0.538889 0.125926 0.108333
