0 0.406481 0.275000 0.090741 0.138889
0 0.636111 0.270139 0.112963 0.154167
0 0.443519 0.647917 0.094444 0.137500
0 0.668056 0.685417 0.106481 0.154167
0 0.374537 0.775000 0.091667 0.130556
1 0.414352 0.456250 0.084259 0.134722
1 0.481944 0.130556 0.099074 0.136111
2 0.530093 0.775000 0.108333 0.152778
2 0.588889 0.730556 0.118519 0.158333
2 0.738426 0.535417 0.126852 0.168056
2 0.636574 0.437500 0.119444 0.161111
2 0.545370 0.450694 0.107407 0.159722
2 0.463426 0.445139 0.097222 0.148611
2 0.351852 0.520139 0.092593 0.145833
