4 0.338889 0.135417 0.107407 0.184722
3 0.489352 0.088194 0.091667 0.162500
2 0.564815 0.195139 0.079630 0.140278
0 0.310185 0.373611 0.068519 0.113889
2 0.457407 0.358333 0.085185 0.144444
1 0.583333 0.452778 0.068519 0.133333
2 0.344444 0.485417 0.077778 0.134722
0 0.332870 0.556250 0.073148 0.093056
1 0.386111 0.622222 0.074074 0.116667
1 0.412500 0.732639 0.063889 0.109722
1 0.393981 0.693750 0.075000 0.106944
3 0.427778 0.495833 0.085185 0.158333
4 0.505556 0.518056 0.094444 0.183333
3 0.495833 0.617361 0.099074 0.145833
2 0.478241 0.685417 0.084259 0.123611
