2 0.232870 0.461111 0.084259 0.152778
2 0.302778 0.445139 0.081481 0.162500
1 0.559259 0.180556 0.068519 0.138889
4 0.551852 0.220833 0.107407 0.180556
1 0.646296 0.425000 0.075926 0.138889
1 0.530556 0.461806 0.072222 0.151389
2 0.518981 0.496528 0.084259 0.134722
3 0.428704 0.525694 0.094444 0.165278
3 0.506019 0.697222 0.100926 0.177778
4 0.619907 0.717361 0.112037 0.184722
0 0.601389 0.807639 0.080556 0.087500
0 0.417130 0.779861 0.071296 0.126389
0 0.337500 0.659722 0.067593 0.127778
2 0.305556 0.734028 0.081481 0.151389
3 0.466667 0.863889 0.098148 0.169444
