4 0.266667 0.195833 0.109259 0.188889
0 0.214815 0.177778 0.064815 0.127778
2 0.293981 0.248611 0.067593 0.119444
3 0.381019 0.271528 0.100926 0.176389
3 0.300926 0.391667 0.096296 0.166667
3 0.189352 0.538194 0.102778 0.176389
1 0.453704 0.354861 0.079630 0.131944
4 0.536574 0.458333 0.106481 0.194444
2 0.315278 0.487500 0.086111 0.111111
0 0.329167 0.534028 0.071296 0.123611
1 0.367593 0.565278 0.079630 0.136111
2 0.437963 0.563194 0.077778 0.151389
2 0.443056 0.510417 0.084259 0.126389
0 0.606944 0.643750 0.078704 0.131944
1 0.617593 0.373611 0.083333 0.138889
