4 0.161111 0.243750 0.105556 0.184722
3 0.407407 0.212500 0.100000 0.172222
1 0.291204 0.342361 0.076852 0.129167
0 0.216204 0.430556 0.071296 0.125000
0 0.376852 0.344444 0.070370 0.125000
2 0.556019 0.290972 0.080556 0.140278
4 0.632870 0.404861 0.104630 0.184722
2 0.474537 0.488889 0.080556 0.141667
1 0.146759 0.598611 0.076852 0.136111
3 0.235185 0.650000 0.090741 0.163889
3 0.387037 0.691667 0.096296 0.166667
0 0.401852 0.847222 0.070370 0.125000
2 0.533333 0.720139 0.079630 0.140278
2 0.659259 0.733333 0.083333 0.144444
1 0.518981 0.872222 0.073148 0.130556
