4 0.649537 0.100000 0.104630 0.183333
3 0.184722 0.393056 0.100926 0.163889
4 0.243981 0.529167 0.093519 0.186111
2 0.184722 0.663194 0.089815 0.151389
0 0.336111 0.745139 0.070370 0.129167
2 0.361111 0.875694 0.079630 0.137500
1 0.411111 0.613889 0.064815 0.127778
2 0.380093 0.642361 0.080556 0.143056
1 0.482870 0.690972 0.063889 0.123611
1 0.493519 0.554167 0.068519 0.130556
0 0.556019 0.615972 0.069444 0.120833
0 0.274537 0.347917 0.067593 0.123611
3 0.368519 0.332639 0.092593 0.168056
3 0.452778 0.428472 0.100000 0.165278
2 0.320370 0.464583 0.092593 0.143056
