0 0.540741 0.318056 0.090741 0.127778
0 0.554167 0.432639 0.087963 0.118056
0 0.459722 0.363194 0.089815 0.129167
0 0.365278 0.311111 0.086111 0.127778
0 0.307870 0.465972 0.086111 0.123611
0 0.453241 0.654167 0.089815 0.133333
0 0.533796 0.674306 0.089815 0.123611
0 0.347685 0.753472 0.091667 0.129167
1 0.450000 0.214583 0.098148 0.134722
1 0.388889 0.428472 0.098148 0.131944
1 0.446759 0.520139 0.093519 0.131944
1 0.535648 0.549306 0.095370 0.129167
1 0.368981 0.570139 0.093519 0.134722
1 0.289352 0.624306 0.095370 0.129167
1 0.432870 0.802083 0.093519 0.129167
