4 0.208796 0.221528 0.106481 0.184722
4 0.381481 0.220139 0.075926 0.131944
0 0.452315 0.251389 0.067593 0.122222
1 0.262037 0.454861 0.072222 0.129167
2 0.478241 0.339583 0.080556 0.145833
3 0.562963 0.400000 0.094444 0.166667
2 0.629630 0.304861 0.083333 0.145833
4 0.703241 0.398611 0.106481 0.183333
3 0.362500 0.467361 0.099074 0.168056
3 0.446759 0.593750 0.093519 0.168056
0 0.462963 0.741667 0.070370 0.127778
2 0.602315 0.666667 0.084259 0.150000
2 0.726389 0.692361 0.084259 0.143056
1 0.590278 0.887500 0.075000 0.133333
0 0.326852 0.334722 0.068519 0.119444
