3 0.383333 0.156250 0.103704 0.162500
4 0.550926 0.097917 0.105556 0.179167
3 0.470370 0.275000 0.100000 0.166667
2 0.566204 0.255556 0.087963 0.138889
4 0.652315 0.318750 0.102778 0.195833
0 0.382407 0.342361 0.061111 0.120833
0 0.433796 0.409722 0.075000 0.119444
1 0.360648 0.445833 0.071296 0.130556
1 0.456481 0.539583 0.075926 0.131944
2 0.484259 0.734028 0.085185 0.143056
2 0.538426 0.833333 0.086111 0.138889
3 0.607407 0.512500 0.094444 0.166667
2 0.561111 0.495139 0.064815 0.137500
1 0.540278 0.490972 0.060185 0.104167
