0 0.723611 0.679167 0.091667 0.136111
0 0.504167 0.657639 0.100926 0.131944
0 0.421296 0.798611 0.101852 0.138889
0 0.464815 0.279167 0.101852 0.138889
0 0.693519 0.295139 0.096296 0.134722
1 0.547222 0.140972 0.096296 0.140278
1 0.474074 0.463889 0.096296 0.141667
2 0.591667 0.775694 0.103704 0.151389
2 0.653241 0.727778 0.108333 0.155556
2 0.780093 0.543056 0.104630 0.150000
2 0.697685 0.453472 0.100926 0.151389
2 0.612037 0.461111 0.103704 0.152778
2 0.526389 0.452778 0.099074 0.152778
2 0.398611 0.524306 0.110185 0.148611
