2 0.295833 0.538889 0.073148 0.136111
1 0.426389 0.431250 0.071296 0.120833
3 0.477778 0.205556 0.090741 0.161111
4 0.543519 0.367361 0.096296 0.168056
4 0.522685 0.413194 0.084259 0.148611
2 0.487037 0.416667 0.038889 0.130556
1 0.427778 0.435417 0.074074 0.123611
2 0.413889 0.302778 0.075926 0.138889
0 0.298148 0.403472 0.068519 0.123611
3 0.475463 0.640278 0.099074 0.161111
3 0.442130 0.526389 0.093519 0.150000
2 0.348148 0.604861 0.077778 0.134722
1 0.397222 0.801389 0.072222 0.125000
1 0.369907 0.745139 0.071296 0.129167
1 0.399074 0.625000 0.042593 0.125000
