0 0.760648 0.564583 0.086111 0.123611
0 0.606944 0.277778 0.093519 0.125000
0 0.473611 0.261806 0.095370 0.129167
0 0.412037 0.392361 0.094444 0.126389
0 0.374537 0.543750 0.097222 0.129167
0 0.326389 0.640972 0.099074 0.126389
0 0.429630 0.672222 0.096296 0.127778
0 0.475926 0.806944 0.088889 0.127778
1 0.505556 0.146528 0.098148 0.126389
1 0.628241 0.388194 0.093519 0.123611
1 0.570370 0.515972 0.094444 0.129167
1 0.490278 0.462500 0.097222 0.136111
1 0.500463 0.597917 0.097222 0.129167
1 0.572222 0.800694 0.092593 0.131944
1 0.650926 0.704167 0.094444 0.127778
