2 0.366204 0.222917 0.087963 0.151389
4 0.507870 0.292361 0.099074 0.190278
3 0.648611 0.299306 0.097222 0.170833
4 0.714352 0.486111 0.123148 0.191667
2 0.628704 0.726389 0.098148 0.150000
2 0.363889 0.476389 0.079630 0.147222
1 0.414352 0.461111 0.065741 0.136111
0 0.398148 0.381944 0.070370 0.125000
1 0.466667 0.301389 0.074074 0.122222
1 0.572222 0.345139 0.087037 0.120833
2 0.606481 0.134722 0.079630 0.150000
3 0.700463 0.258333 0.080556 0.175000
3 0.508333 0.251389 0.087037 0.133333
0 0.436574 0.391667 0.067593 0.116667
