2 0.331944 0.602083 0.080556 0.148611
2 0.425000 0.762500 0.092593 0.163889
4 0.575926 0.373611 0.101852 0.183333
0 0.579167 0.552778 0.076852 0.122222
3 0.442593 0.220833 0.098148 0.163889
3 0.455093 0.382639 0.093519 0.165278
3 0.380093 0.445833 0.091667 0.161111
0 0.251852 0.475694 0.072222 0.120833
1 0.325463 0.269444 0.078704 0.127778
2 0.351389 0.203472 0.080556 0.143056
4 0.291667 0.340972 0.107407 0.179167
1 0.246759 0.615972 0.071296 0.143056
0 0.442130 0.574306 0.067593 0.129167
1 0.508333 0.511111 0.070370 0.122222
2 0.375926 0.521528 0.077778 0.068056
