0 0.245370 0.167361 0.074074 0.120833
0 0.319444 0.211806 0.070370 0.109722
0 0.269907 0.323611 0.073148 0.119444
1 0.192593 0.371528 0.075926 0.126389
2 0.196759 0.515972 0.084259 0.140278
1 0.275000 0.590278 0.070370 0.125000
3 0.364815 0.433333 0.088889 0.155556
3 0.335648 0.459028 0.080556 0.165278
2 0.543056 0.418056 0.078704 0.141667
3 0.506019 0.550694 0.093519 0.156944
2 0.422685 0.528472 0.080556 0.143056
4 0.367130 0.653472 0.100926 0.181944
1 0.476389 0.697917 0.073148 0.123611
4 0.464815 0.872917 0.107407 0.179167
2 0.372222 0.887500 0.079630 0.141667
