1 0.755556 0.606944 0.07963 0.102778
3 0.735185 0.548611 0.1 0.119444
3 0.735648 0.501389 0.108333 0.125
1 0.5875 0.3625 0.076852 0.097222
4 0.578241 0.3875 0.108333 0.138889
2 0.568056 0.483333 0.087963 0.108333
0 0.550926 0.684722 0.066667 0.097222
0 0.485185 0.625 0.07037 0.094444
0 0.358333 0.620833 0.07037 0.1
0 0.428704 0.6625 0.068519 0.097222
0 0.36713 0.410417 0.071296 0.104167
1 0.461574 0.442361 0.078704 0.098611
1 0.419907 0.392361 0.080556 0.1125
4 0.531019 0.628472 0.108333 0.1375
0 0.501389 0.535417 0.075 0.095833
