4 0.582870 0.652778 0.093519 0.188889
1 0.537963 0.556250 0.087037 0.123611
0 0.508796 0.652778 0.075000 0.116667
2 0.451389 0.356944 0.082407 0.144444
3 0.422222 0.513889 0.103704 0.166667
4 0.355093 0.427778 0.100926 0.169444
0 0.339815 0.312500 0.072222 0.122222
2 0.218981 0.343056 0.086111 0.138889
0 0.196759 0.474306 0.073148 0.123611
2 0.272222 0.511806 0.087037 0.140278
2 0.340278 0.572222 0.076852 0.133333
2 0.309722 0.572222 0.082407 0.136111
3 0.359259 0.651389 0.088889 0.158333
1 0.318056 0.704167 0.082407 0.127778
3 0.400926 0.750000 0.100000 0.172222
