2 0.430556 0.181250 0.085185 0.143056
1 0.581019 0.141667 0.076852 0.130556
4 0.688889 0.237500 0.109259 0.180556
1 0.641667 0.374306 0.074074 0.134722
0 0.602778 0.663194 0.077778 0.137500
1 0.486574 0.913194 0.075000 0.126389
2 0.272685 0.781250 0.086111 0.156944
2 0.350463 0.423611 0.086111 0.138889
3 0.460185 0.387500 0.090741 0.172222
2 0.551852 0.405556 0.077778 0.150000
4 0.513889 0.569444 0.122222 0.169444
0 0.346759 0.570833 0.067593 0.130556
1 0.409259 0.550694 0.075926 0.131944
3 0.471759 0.765278 0.097222 0.158333
3 0.497685 0.660417 0.100926 0.112500
