4 0.478241 0.295833 0.102778 0.183333
4 0.297685 0.270139 0.097222 0.179167
3 0.393519 0.222222 0.096296 0.163889
3 0.368056 0.384028 0.093519 0.168056
3 0.328241 0.533333 0.093519 0.163889
2 0.412037 0.743750 0.081481 0.134722
2 0.405556 0.601389 0.077778 0.133333
2 0.261111 0.413194 0.081481 0.137500
2 0.210648 0.213194 0.078704 0.143056
1 0.500000 0.460417 0.074074 0.129167
1 0.220370 0.525694 0.068519 0.131944
1 0.299074 0.257639 0.068519 0.123611
0 0.195833 0.342361 0.067593 0.112500
0 0.434722 0.469444 0.073148 0.116667
0 0.481019 0.662500 0.073148 0.116667
