2 0.251852 0.303472 0.087037 0.145833
0 0.226389 0.430556 0.069444 0.116667
0 0.367593 0.283333 0.070370 0.122222
2 0.598148 0.252778 0.081481 0.147222
4 0.506481 0.318750 0.105556 0.173611
1 0.632407 0.453472 0.072222 0.134722
4 0.715741 0.591667 0.105556 0.194444
0 0.616204 0.595139 0.067593 0.126389
2 0.481019 0.475000 0.078704 0.144444
3 0.499074 0.493750 0.083333 0.165278
2 0.296759 0.472222 0.080556 0.138889
3 0.402778 0.617361 0.088889 0.162500
3 0.426389 0.724306 0.091667 0.154167
1 0.335185 0.669444 0.070370 0.127778
1 0.333333 0.531944 0.062963 0.116667
