0 0.10463 0.5625 0.111111 0.1
0 0.226389 0.5125 0.119444 0.102778
0 0.247222 0.4 0.125926 0.113889
0 0.350926 0.45 0.131481 0.113889
0 0.521759 0.486111 0.141667 0.111111
0 0.685648 0.561111 0.152778 0.116667
0 0.677315 0.722222 0.149074 0.113889
0 0.369907 0.877083 0.126852 0.098611
1 0.836111 0.599306 0.17037 0.129167
1 0.542593 0.742361 0.144444 0.115278
1 0.216667 0.747917 0.124074 0.106944
1 0.122685 0.6625 0.119444 0.108333
1 0.449537 0.577083 0.14537 0.118056
1 0.398148 0.669444 0.137037 0.116667
1 0.305093 0.5875 0.134259 0.113889
