4 0.109259 0.454167 0.131481 0.227778
3 0.211574 0.708333 0.115741 0.208333
0 0.351852 0.888194 0.083333 0.154167
1 0.261574 0.496528 0.095370 0.156944
0 0.365278 0.295139 0.080556 0.151389
0 0.380556 0.537500 0.077778 0.141667
3 0.352315 0.598611 0.112037 0.202778
2 0.655093 0.475694 0.100926 0.184722
1 0.560185 0.470139 0.090741 0.162500
4 0.607407 0.275000 0.129630 0.222222
2 0.628704 0.079861 0.101852 0.156944
2 0.405556 0.192361 0.098148 0.170833
3 0.489352 0.318750 0.110185 0.195833
2 0.447222 0.490972 0.094444 0.165278
1 0.383333 0.374306 0.085185 0.109722
