0 0.199537 0.757639 0.073148 0.145833
0 0.283333 0.844444 0.077778 0.138889
2 0.292130 0.636111 0.086111 0.158333
2 0.384259 0.595833 0.088889 0.161111
4 0.461111 0.731944 0.122222 0.211111
3 0.478241 0.468750 0.108333 0.181944
3 0.256481 0.387500 0.112963 0.186111
4 0.215278 0.470139 0.123148 0.206944
0 0.220370 0.283333 0.087037 0.133333
1 0.307870 0.469444 0.087963 0.141667
1 0.383333 0.377083 0.075926 0.137500
0 0.416204 0.217361 0.080556 0.131944
2 0.309722 0.236806 0.089815 0.162500
2 0.457870 0.298611 0.089815 0.158333
3 0.331944 0.234722 0.097222 0.183333
