0 0.060648 0.609722 0.082407 0.136111
0 0.181019 0.384028 0.076852 0.134722
1 0.438426 0.427083 0.078704 0.134722
1 0.486111 0.549306 0.083333 0.140278
1 0.532407 0.431250 0.077778 0.148611
3 0.602315 0.547222 0.104630 0.180556
1 0.631019 0.729167 0.075000 0.136111
3 0.537963 0.704167 0.107407 0.180556
2 0.437500 0.724306 0.082407 0.156944
2 0.346759 0.740972 0.095370 0.162500
3 0.257870 0.678472 0.100926 0.179167
4 0.355556 0.557639 0.107407 0.204167
2 0.255093 0.497917 0.087963 0.151389
4 0.154630 0.603472 0.111111 0.209722
