1 0.351389 0.266667 0.076852 0.127778
0 0.409722 0.341667 0.069444 0.119444
2 0.492593 0.418750 0.072222 0.131944
1 0.564815 0.480556 0.074074 0.127778
2 0.265278 0.441667 0.086111 0.141667
0 0.336574 0.497917 0.071296 0.118056
2 0.406019 0.468056 0.076852 0.136111
3 0.270833 0.593750 0.091667 0.168056
3 0.356944 0.659722 0.091667 0.155556
3 0.439815 0.772917 0.094444 0.165278
2 0.357407 0.817361 0.088889 0.137500
4 0.266204 0.772222 0.097222 0.183333
1 0.175000 0.642361 0.074074 0.120833
0 0.182870 0.763194 0.067593 0.118056
4 0.455556 0.606944 0.100000 0.175000
