1 0.279167 0.445833 0.089815 0.130556
3 0.399537 0.538194 0.100926 0.176389
2 0.369907 0.669444 0.078704 0.166667
2 0.347685 0.65 0.082407 0.15
2 0.406019 0.686111 0.075 0.152778
1 0.434259 0.817361 0.074074 0.145833
0 0.650463 0.85625 0.075 0.1375
4 0.515278 0.58125 0.121296 0.190278
4 0.502778 0.691667 0.109259 0.175
2 0.510648 0.298611 0.089815 0.158333
3 0.598148 0.397917 0.098148 0.179167
1 0.601389 0.465972 0.080556 0.115278
0 0.525926 0.495139 0.072222 0.120833
0 0.643981 0.615972 0.071296 0.1375
3 0.693056 0.497222 0.099074 0.191667
