4 0.526389 0.106944 0.086111 0.147222
3 0.562500 0.234028 0.075000 0.131944
0 0.467593 0.255556 0.059259 0.102778
2 0.413426 0.325694 0.067593 0.123611
4 0.520833 0.339583 0.089815 0.143056
4 0.550463 0.436806 0.084259 0.156944
4 0.487037 0.506250 0.085185 0.162500
3 0.623611 0.520833 0.084259 0.147222
3 0.582870 0.657639 0.078704 0.143056
2 0.510185 0.674306 0.066667 0.120833
1 0.409259 0.718750 0.068519 0.120833
2 0.360185 0.813194 0.070370 0.120833
2 0.604630 0.821528 0.068519 0.129167
4 0.521759 0.334722 0.084259 0.152778
