0 0.183333 0.695139 0.079630 0.137500
1 0.378704 0.600694 0.083333 0.140278
3 0.359722 0.458333 0.106481 0.183333
4 0.300926 0.488889 0.116667 0.197222
1 0.362500 0.347917 0.080556 0.126389
1 0.507870 0.350694 0.078704 0.134722
3 0.473148 0.347917 0.116667 0.179167
3 0.535648 0.497917 0.104630 0.181944
2 0.567130 0.331250 0.089815 0.159722
2 0.462500 0.476389 0.089815 0.152778
2 0.324074 0.728472 0.088889 0.156944
2 0.442130 0.707639 0.087963 0.154167
1 0.306481 0.877083 0.075926 0.137500
4 0.528704 0.806250 0.120370 0.206944
1 0.441667 0.514583 0.079630 0.134722
