0 0.579630 0.568056 0.074074 0.133333
1 0.485185 0.685417 0.081481 0.143056
2 0.498611 0.538889 0.084259 0.150000
3 0.574537 0.402778 0.102778 0.180556
4 0.361574 0.460417 0.112037 0.201389
1 0.313426 0.769444 0.082407 0.138889
0 0.515278 0.275694 0.075000 0.137500
2 0.163889 0.662500 0.088889 0.152778
3 0.144444 0.438194 0.103704 0.179167
3 0.247222 0.422222 0.101852 0.177778
4 0.243519 0.557639 0.112963 0.190278
0 0.336111 0.563194 0.075926 0.123611
2 0.419444 0.593056 0.087037 0.155556
2 0.266667 0.356250 0.092593 0.140278
