4 0.111574 0.309722 0.121296 0.197222
1 0.221296 0.201389 0.074074 0.136111
2 0.227315 0.347222 0.087963 0.158333
3 0.336574 0.268056 0.106481 0.180556
0 0.427778 0.277083 0.081481 0.143056
0 0.366204 0.418056 0.078704 0.136111
1 0.437037 0.494444 0.088889 0.130556
3 0.227778 0.617361 0.114815 0.179167
2 0.309259 0.525694 0.094444 0.148611
2 0.181944 0.769444 0.093519 0.150000
2 0.334722 0.865278 0.091667 0.155556
1 0.411111 0.778472 0.090741 0.131944
1 0.396296 0.642361 0.075926 0.156944
4 0.455093 0.629861 0.110185 0.195833
3 0.536111 0.422222 0.101852 0.180556
