4 0.357870 0.144444 0.115741 0.188889
3 0.497222 0.104167 0.088889 0.166667
2 0.577315 0.204167 0.089815 0.138889
2 0.470833 0.371528 0.080556 0.134722
1 0.390741 0.420139 0.075926 0.112500
1 0.353704 0.551389 0.074074 0.119444
2 0.330556 0.690278 0.077778 0.147222
1 0.404630 0.699306 0.070370 0.123611
0 0.428241 0.740972 0.056481 0.093056
1 0.441204 0.789583 0.078704 0.126389
3 0.442130 0.568056 0.097222 0.163889
2 0.500463 0.690278 0.082407 0.138889
3 0.534722 0.568750 0.091667 0.162500
1 0.638889 0.491667 0.070370 0.133333
4 0.653241 0.654167 0.104630 0.186111
