4 0.345370 0.206250 0.118519 0.198611
2 0.438426 0.112500 0.084259 0.155556
1 0.554630 0.265972 0.083333 0.131944
4 0.356019 0.452778 0.115741 0.205556
2 0.300926 0.493056 0.088889 0.163889
2 0.329167 0.652083 0.097222 0.156944
3 0.480093 0.401389 0.104630 0.180556
1 0.511574 0.563889 0.082407 0.136111
1 0.459259 0.688194 0.075926 0.137500
1 0.552315 0.704861 0.080556 0.137500
0 0.371296 0.774306 0.081481 0.123611
3 0.497685 0.886806 0.110185 0.193056
0 0.589352 0.897222 0.075000 0.138889
2 0.381019 0.379861 0.080556 0.143056
