1 0.151389 0.195139 0.084259 0.137500
3 0.386111 0.186111 0.105556 0.180556
0 0.496296 0.222917 0.079630 0.134722
3 0.576852 0.354861 0.100000 0.193056
1 0.429167 0.351389 0.087963 0.147222
1 0.497222 0.431944 0.081481 0.138889
4 0.250926 0.425000 0.114815 0.205556
2 0.331019 0.405556 0.089815 0.158333
2 0.420833 0.503472 0.086111 0.156944
2 0.237963 0.548611 0.090741 0.147222
3 0.331019 0.581250 0.102778 0.181944
0 0.431481 0.644444 0.074074 0.127778
1 0.529630 0.620139 0.079630 0.137500
2 0.315278 0.750000 0.093519 0.147222
4 0.197685 0.722222 0.110185 0.205556
