4 0.150000 0.302778 0.118519 0.202778
2 0.343519 0.298611 0.088889 0.155556
2 0.254167 0.355556 0.086111 0.147222
4 0.303704 0.471528 0.118519 0.198611
1 0.428704 0.352778 0.077778 0.133333
3 0.419907 0.511806 0.106481 0.176389
3 0.263889 0.596528 0.103704 0.170833
2 0.147222 0.579861 0.092593 0.156944
2 0.127315 0.741667 0.087963 0.161111
1 0.254630 0.754167 0.081481 0.147222
1 0.359259 0.640972 0.079630 0.140278
0 0.413426 0.749306 0.073148 0.134722
3 0.326852 0.854861 0.103704 0.190278
1 0.190741 0.851389 0.079630 0.130556
