3 0.131481 0.486111 0.103704 0.186111
2 0.177778 0.661806 0.094444 0.159722
4 0.287963 0.640278 0.109259 0.197222
2 0.385648 0.697222 0.082407 0.158333
1 0.501389 0.727083 0.082407 0.134722
1 0.482870 0.567361 0.084259 0.137500
0 0.530093 0.429861 0.076852 0.140278
1 0.447222 0.172222 0.079630 0.147222
0 0.308796 0.360417 0.086111 0.129167
0 0.329630 0.488889 0.072222 0.127778
2 0.415278 0.479861 0.086111 0.151389
3 0.459259 0.331250 0.100000 0.176389
4 0.263426 0.436111 0.115741 0.191667
3 0.244444 0.473611 0.077778 0.150000
3 0.206019 0.315278 0.104630 0.183333
