0 0.772222 0.577083 0.103704 0.143056
0 0.718981 0.215972 0.095370 0.120833
0 0.497222 0.203472 0.096296 0.120833
0 0.542130 0.556944 0.102778 0.138889
0 0.458796 0.702083 0.108333 0.148611
1 0.573148 0.088889 0.088889 0.116667
1 0.510185 0.368056 0.098148 0.127778
2 0.434722 0.426389 0.112037 0.147222
2 0.562500 0.360417 0.099074 0.140278
2 0.647222 0.365972 0.107407 0.137500
2 0.729630 0.354167 0.107407 0.138889
2 0.822685 0.440972 0.110185 0.145833
2 0.700000 0.625694 0.112963 0.154167
2 0.638426 0.680556 0.113889 0.158333
