2 0.431019 0.119444 0.089815 0.163889
1 0.520833 0.143056 0.078704 0.133333
3 0.432870 0.465278 0.089815 0.169444
0 0.411574 0.711111 0.067593 0.125000
2 0.286574 0.688889 0.084259 0.141667
3 0.460648 0.807639 0.097222 0.165278
0 0.578704 0.756944 0.077778 0.125000
4 0.529630 0.593056 0.096296 0.183333
1 0.588426 0.566667 0.073148 0.136111
1 0.617593 0.461806 0.072222 0.134722
4 0.563889 0.277778 0.103704 0.191667
2 0.345833 0.478472 0.086111 0.126389
0 0.353241 0.547917 0.075000 0.112500
2 0.518056 0.424306 0.078704 0.151389
3 0.482870 0.625000 0.100926 0.166667
