0 0.480093 0.815278 0.095370 0.125000
0 0.770833 0.709722 0.091667 0.138889
0 0.556019 0.696528 0.095370 0.137500
0 0.507870 0.324306 0.106481 0.156944
0 0.758333 0.330556 0.107407 0.152778
1 0.523611 0.518056 0.104630 0.138889
1 0.602315 0.161111 0.112037 0.161111
2 0.638426 0.795139 0.100926 0.140278
2 0.696296 0.751389 0.100000 0.141667
2 0.837037 0.575000 0.111111 0.152778
2 0.754167 0.494444 0.108333 0.155556
2 0.666667 0.509722 0.111111 0.161111
2 0.576852 0.496528 0.103704 0.156944
2 0.450000 0.578472 0.114815 0.148611
