0 0.337500 0.500694 0.115741 0.154167
0 0.325926 0.733333 0.111111 0.152778
0 0.542593 0.743056 0.112963 0.144444
0 0.787037 0.559722 0.111111 0.150000
0 0.604167 0.145139 0.117593 0.165278
1 0.657870 0.400694 0.110185 0.154167
1 0.682407 0.604167 0.112963 0.152778
2 0.789815 0.324306 0.129630 0.184722
2 0.533333 0.358333 0.125926 0.175000
2 0.730093 0.709722 0.121296 0.163889
2 0.454630 0.597222 0.122222 0.166667
2 0.542130 0.625000 0.121296 0.175000
2 0.509722 0.903472 0.119444 0.159722
2 0.645370 0.547222 0.125926 0.166667
