1 0.474537 0.169444 0.080556 0.133333
2 0.309259 0.299306 0.094444 0.159722
2 0.275463 0.525694 0.091667 0.156944
4 0.181019 0.436111 0.117593 0.211111
1 0.190278 0.573611 0.084259 0.144444
3 0.238426 0.623611 0.104630 0.172222
2 0.311111 0.495139 0.079630 0.165278
3 0.402315 0.435417 0.104630 0.184722
3 0.552315 0.397917 0.108333 0.187500
0 0.575000 0.566667 0.075926 0.138889
1 0.515278 0.675000 0.084259 0.136111
1 0.477778 0.559722 0.066667 0.144444
4 0.405093 0.566667 0.115741 0.202778
2 0.392593 0.659028 0.087037 0.112500
0 0.378241 0.775000 0.076852 0.136111
