3 0.319907 0.211806 0.082407 0.120833
3 0.438426 0.200000 0.080556 0.138889
4 0.283333 0.445833 0.096296 0.152778
2 0.442593 0.330556 0.068519 0.116667
3 0.517130 0.334722 0.080556 0.144444
4 0.506944 0.476389 0.086111 0.144444
2 0.454630 0.454167 0.062963 0.122222
4 0.418981 0.436806 0.063889 0.148611
0 0.434259 0.552778 0.066667 0.102778
2 0.524074 0.615972 0.072222 0.120833
2 0.584259 0.546528 0.064815 0.129167
4 0.501852 0.479861 0.090741 0.151389
0 0.652778 0.577778 0.064815 0.102778
4 0.709259 0.636806 0.090741 0.151389
