0 0.566667 0.116667 0.112963 0.152778
0 0.302778 0.456250 0.111111 0.156944
0 0.284722 0.691667 0.115741 0.155556
0 0.506481 0.707639 0.111111 0.151389
0 0.754630 0.527778 0.109259 0.152778
1 0.619907 0.362500 0.110185 0.152778
1 0.644907 0.570833 0.110185 0.144444
2 0.748611 0.284722 0.119444 0.166667
2 0.496296 0.318750 0.122222 0.168056
2 0.418519 0.550000 0.122222 0.163889
2 0.506481 0.579861 0.120370 0.162500
2 0.606944 0.509028 0.125000 0.162500
2 0.699537 0.673611 0.115741 0.161111
2 0.470833 0.881944 0.119444 0.169444
