4 0.217130 0.147917 0.075000 0.143056
1 0.162963 0.310417 0.070370 0.120833
2 0.248148 0.261111 0.061111 0.122222
4 0.413889 0.338889 0.096296 0.163889
2 0.513889 0.416667 0.072222 0.141667
2 0.446296 0.479167 0.075926 0.122222
0 0.492130 0.580556 0.062037 0.100000
0 0.375463 0.478472 0.065741 0.106944
3 0.311111 0.394444 0.092593 0.152778
1 0.202315 0.414583 0.071296 0.120833
4 0.170370 0.550000 0.109259 0.172222
3 0.279630 0.668750 0.083333 0.151389
3 0.371296 0.609028 0.087037 0.156944
1 0.357407 0.743056 0.075926 0.125000
2 0.458333 0.687500 0.079630 0.133333
