2 0.192593 0.172222 0.074074 0.138889
1 0.239815 0.281944 0.068519 0.111111
0 0.303241 0.344444 0.073148 0.113889
3 0.311574 0.131250 0.086111 0.159722
4 0.412963 0.172917 0.098148 0.170833
2 0.454630 0.330556 0.081481 0.136111
2 0.447222 0.462500 0.083333 0.130556
2 0.621759 0.348611 0.086111 0.133333
1 0.607407 0.519444 0.070370 0.125000
0 0.492593 0.579861 0.075926 0.112500
0 0.348611 0.675000 0.076852 0.122222
3 0.473148 0.838194 0.094444 0.154167
3 0.330556 0.836806 0.090741 0.154167
0 0.234259 0.521528 0.064815 0.112500
4 0.144907 0.537500 0.095370 0.172222
