4 0.425 0.107639 0.114815 0.184722
3 0.336111 0.189583 0.092593 0.156944
1 0.333333 0.339583 0.072222 0.1125
0 0.393056 0.423611 0.062037 0.113889
1 0.463889 0.423611 0.068519 0.127778
2 0.498148 0.289583 0.075926 0.1375
3 0.278704 0.518056 0.098148 0.161111
1 0.315741 0.469444 0.062963 0.122222
1 0.414815 0.551389 0.072222 0.119444
2 0.441667 0.58125 0.066667 0.134722
4 0.525926 0.527778 0.1 0.172222
2 0.432407 0.722222 0.077778 0.136111
2 0.478241 0.788889 0.075 0.136111
0 0.501389 0.669444 0.069444 0.119444
3 0.407407 0.288889 0.081481 0.161111
