1 0.435648 0.329861 0.082407 0.148611
0 0.390278 0.212500 0.078704 0.130556
2 0.339815 0.330556 0.090741 0.152778
4 0.293981 0.388889 0.117593 0.205556
4 0.236111 0.305556 0.122222 0.208333
4 0.125463 0.313889 0.097222 0.166667
2 0.097222 0.470833 0.092593 0.163889
3 0.193519 0.513889 0.107407 0.183333
1 0.286111 0.473611 0.088889 0.136111
1 0.309259 0.604167 0.085185 0.144444
1 0.391204 0.651389 0.082407 0.147222
0 0.199074 0.675694 0.079630 0.131944
3 0.278241 0.763194 0.106481 0.187500
0 0.357407 0.851389 0.077778 0.141667
