2 0.507870 0.156250 0.087963 0.145833
2 0.547222 0.091667 0.087037 0.147222
4 0.504167 0.267361 0.106481 0.173611
4 0.345370 0.431944 0.111111 0.191667
0 0.505556 0.379167 0.074074 0.105556
3 0.557870 0.422222 0.095370 0.161111
0 0.565278 0.532639 0.063889 0.126389
2 0.606019 0.479861 0.073148 0.143056
3 0.656019 0.450694 0.093519 0.173611
1 0.476852 0.486806 0.072222 0.131944
0 0.497222 0.536806 0.068519 0.123611
1 0.480556 0.619444 0.072222 0.130556
1 0.389815 0.606944 0.083333 0.130556
2 0.520370 0.763194 0.087037 0.145833
3 0.620833 0.704861 0.095370 0.173611
