2 0.225000 0.252083 0.092593 0.156944
0 0.105093 0.434722 0.093519 0.147222
4 0.267593 0.425000 0.120370 0.205556
4 0.330556 0.250000 0.112963 0.205556
1 0.432407 0.232639 0.083333 0.143056
1 0.566667 0.252778 0.077778 0.147222
2 0.472685 0.368750 0.097222 0.156944
1 0.528241 0.470833 0.078704 0.141667
0 0.571296 0.740972 0.081481 0.140278
3 0.511574 0.627778 0.104630 0.191667
2 0.412963 0.545139 0.079630 0.165278
2 0.414352 0.797222 0.095370 0.161111
3 0.314815 0.750000 0.105556 0.175000
0 0.293519 0.590972 0.079630 0.126389
3 0.621759 0.437500 0.110185 0.186111
