0 0.285185 0.206250 0.066667 0.126389
1 0.258333 0.390972 0.075926 0.129167
2 0.175926 0.436806 0.083333 0.137500
0 0.400463 0.420833 0.067593 0.116667
2 0.467130 0.371528 0.082407 0.143056
2 0.582407 0.330556 0.079630 0.136111
4 0.538426 0.473611 0.099074 0.194444
3 0.403241 0.609722 0.091667 0.163889
3 0.358333 0.570139 0.081481 0.168056
3 0.537963 0.665278 0.092593 0.161111
1 0.454630 0.731250 0.074074 0.123611
4 0.445370 0.686806 0.094444 0.165278
2 0.356481 0.727778 0.079630 0.138889
0 0.273611 0.722917 0.073148 0.134722
