3 0.412500 0.222917 0.093519 0.165278
1 0.320833 0.273611 0.075000 0.125000
1 0.247222 0.381250 0.070370 0.118056
0 0.355556 0.461111 0.064815 0.113889
2 0.343981 0.334722 0.078704 0.133333
4 0.479630 0.371528 0.101852 0.179167
4 0.452778 0.436111 0.100000 0.177778
2 0.315278 0.604861 0.078704 0.143056
3 0.373148 0.563194 0.094444 0.162500
3 0.425463 0.652083 0.091667 0.165278
1 0.485648 0.645833 0.069444 0.127778
2 0.520370 0.762500 0.079630 0.147222
1 0.476852 0.697222 0.075926 0.119444
0 0.360648 0.838889 0.067593 0.125000
