3 0.546759 0.304167 0.102778 0.169444
2 0.450926 0.100694 0.085185 0.151389
1 0.293056 0.436111 0.071296 0.130556
1 0.251852 0.543056 0.068519 0.125000
2 0.315278 0.597917 0.082407 0.145833
2 0.388889 0.506944 0.079630 0.144444
0 0.463426 0.580556 0.069444 0.127778
4 0.473611 0.411806 0.097222 0.176389
4 0.546296 0.538889 0.098148 0.183333
2 0.645833 0.510417 0.080556 0.145833
0 0.608333 0.649306 0.072222 0.126389
3 0.599537 0.790278 0.099074 0.169444
1 0.507407 0.774306 0.077778 0.134722
0 0.531019 0.918056 0.071296 0.125000
3 0.380093 0.700000 0.099074 0.163889
