4 0.524074 0.081944 0.105556 0.161111
3 0.506019 0.186111 0.097222 0.150000
2 0.547222 0.307639 0.083333 0.145833
3 0.513889 0.343750 0.090741 0.162500
1 0.444444 0.463889 0.072222 0.122222
1 0.475926 0.511111 0.062963 0.127778
1 0.626852 0.400694 0.077778 0.129167
3 0.585185 0.521528 0.088889 0.165278
2 0.566204 0.581944 0.078704 0.133333
1 0.499537 0.696528 0.080556 0.129167
2 0.590278 0.760417 0.082407 0.143056
1 0.575926 0.720139 0.066667 0.112500
4 0.670370 0.670833 0.103704 0.177778
0 0.677778 0.598611 0.061111 0.119444
2 0.731944 0.552778 0.069444 0.138889
