4 0.145833 0.403472 0.102778 0.179167
0 0.221296 0.468056 0.072222 0.122222
0 0.250463 0.354861 0.060185 0.112500
2 0.280556 0.386111 0.075926 0.138889
2 0.324074 0.270833 0.081481 0.144444
1 0.327315 0.484722 0.071296 0.125000
2 0.287963 0.594444 0.079630 0.136111
1 0.358796 0.662500 0.073148 0.130556
3 0.379167 0.774306 0.093519 0.151389
4 0.437963 0.738194 0.096296 0.179167
0 0.413889 0.591667 0.064815 0.111111
3 0.385185 0.522222 0.088889 0.158333
3 0.546296 0.620833 0.094444 0.163889
1 0.637963 0.581250 0.068519 0.126389
2 0.674074 0.737500 0.077778 0.150000
