2 0.233796 0.384722 0.080556 0.152778
4 0.233333 0.384722 0.112963 0.208333
2 0.329167 0.462500 0.091667 0.152778
2 0.142593 0.468056 0.096296 0.158333
2 0.211574 0.563889 0.095370 0.161111
3 0.122685 0.650694 0.102778 0.184722
1 0.228241 0.754861 0.075000 0.137500
1 0.326389 0.851389 0.080556 0.138889
0 0.385648 0.720139 0.073148 0.134722
1 0.441667 0.359028 0.087037 0.145833
1 0.503241 0.584028 0.076852 0.148611
1 0.469444 0.732639 0.087037 0.143056
3 0.408796 0.562500 0.102778 0.180556
3 0.290741 0.637500 0.079630 0.186111
4 0.333333 0.654167 0.107407 0.197222
