2 0.247222 0.289583 0.100000 0.162500
4 0.243056 0.333333 0.121296 0.194444
2 0.153241 0.437500 0.093519 0.163889
3 0.167130 0.613194 0.115741 0.187500
1 0.239352 0.714583 0.080556 0.145833
0 0.551389 0.824306 0.082407 0.143056
1 0.400926 0.739583 0.077778 0.134722
1 0.408796 0.818750 0.087963 0.115278
2 0.372222 0.659722 0.094444 0.155556
1 0.462500 0.686806 0.080556 0.140278
4 0.431481 0.544444 0.107407 0.205556
3 0.514352 0.507639 0.104630 0.181944
3 0.405556 0.500000 0.111111 0.186111
2 0.358333 0.348611 0.083333 0.152778
1 0.472685 0.347222 0.069444 0.138889
