2 0.443056 0.119444 0.087963 0.158333
3 0.384259 0.244444 0.101852 0.175000
3 0.500000 0.311111 0.096296 0.180556
0 0.305556 0.298611 0.077778 0.133333
2 0.343981 0.441667 0.080556 0.152778
3 0.336574 0.506250 0.097222 0.145833
4 0.438426 0.451389 0.100926 0.188889
1 0.527315 0.579167 0.071296 0.130556
1 0.600926 0.532639 0.075926 0.134722
0 0.658333 0.661806 0.074074 0.126389
2 0.452778 0.615972 0.085185 0.145833
0 0.358333 0.713194 0.072222 0.129167
2 0.393519 0.713889 0.064815 0.147222
1 0.431944 0.836806 0.075000 0.134722
4 0.517130 0.742361 0.110185 0.187500
