2 0.446296 0.167361 0.087037 0.148611
1 0.473611 0.304167 0.067593 0.113889
2 0.457407 0.334028 0.074074 0.131944
0 0.293519 0.356250 0.068519 0.120833
4 0.371759 0.413194 0.097222 0.176389
2 0.278704 0.496528 0.079630 0.140278
2 0.380556 0.670139 0.079630 0.137500
4 0.515741 0.660417 0.101852 0.173611
0 0.500926 0.818056 0.072222 0.127778
1 0.296759 0.677778 0.073148 0.130556
0 0.344907 0.554861 0.069444 0.115278
1 0.442130 0.745833 0.067593 0.122222
3 0.463889 0.500694 0.096296 0.159722
3 0.524074 0.468056 0.083333 0.166667
3 0.434259 0.547917 0.077778 0.148611
