1 0.605093 0.558333 0.078704 0.138889
1 0.535185 0.603472 0.075926 0.134722
1 0.440741 0.856944 0.075926 0.136111
0 0.311574 0.326389 0.075000 0.127778
0 0.666204 0.686806 0.073148 0.131944
0 0.364352 0.738194 0.073148 0.126389
2 0.349537 0.466667 0.082407 0.147222
2 0.448611 0.147222 0.084259 0.150000
2 0.400463 0.734028 0.078704 0.154167
2 0.457870 0.640278 0.082407 0.141667
3 0.505556 0.338194 0.100000 0.173611
3 0.388889 0.267361 0.094444 0.176389
3 0.341204 0.521528 0.099074 0.165278
4 0.522222 0.763194 0.111111 0.193056
4 0.443981 0.476389 0.108333 0.191667
