2 0.118981 0.43125 0.09537 0.159722
4 0.156019 0.607639 0.115741 0.190278
3 0.215741 0.4125 0.105556 0.177778
1 0.283796 0.276389 0.078704 0.130556
0 0.494907 0.198611 0.084259 0.147222
3 0.560185 0.468056 0.105556 0.180556
1 0.503241 0.335417 0.080556 0.143056
3 0.413889 0.311111 0.1 0.175
4 0.375926 0.434028 0.107407 0.193056
2 0.313426 0.409722 0.067593 0.147222
2 0.451852 0.498611 0.092593 0.15
2 0.350926 0.747222 0.092593 0.152778
1 0.469907 0.744444 0.080556 0.147222
1 0.506481 0.615278 0.07963 0.136111
0 0.399074 0.626389 0.077778 0.133333
