2 0.224537 0.559722 0.089815 0.152778
4 0.479167 0.622222 0.115741 0.197222
3 0.524537 0.494444 0.104630 0.183333
3 0.391204 0.551389 0.097222 0.188889
0 0.409259 0.351389 0.070370 0.130556
0 0.556481 0.681250 0.075926 0.126389
1 0.510648 0.798611 0.080556 0.138889
2 0.412963 0.747917 0.087037 0.159722
0 0.295833 0.782639 0.076852 0.131944
3 0.212037 0.689583 0.101852 0.170833
4 0.186574 0.454167 0.115741 0.200000
2 0.298611 0.375694 0.095370 0.165278
3 0.397222 0.552083 0.101852 0.181944
0 0.310648 0.630556 0.069444 0.122222
2 0.304167 0.559722 0.071296 0.080556
