3 0.275463 0.138889 0.108333 0.188889
4 0.231481 0.322222 0.114815 0.211111
1 0.273611 0.538889 0.086111 0.147222
1 0.529167 0.278472 0.067593 0.143056
1 0.414352 0.769444 0.084259 0.147222
2 0.496759 0.726389 0.099074 0.155556
2 0.427778 0.606944 0.088889 0.155556
1 0.352778 0.533333 0.085185 0.15
1 0.509259 0.551389 0.081481 0.144444
1 0.327778 0.397222 0.074074 0.138889
2 0.362037 0.384722 0.088889 0.161111
3 0.439815 0.5 0.103704 0.186111
3 0.426389 0.400694 0.089815 0.159722
4 0.566667 0.414583 0.112963 0.2125
2 0.522222 0.238889 0.088889 0.152778
