0 0.279167 0.370139 0.063889 0.120833
0 0.337037 0.417361 0.066667 0.120833
2 0.339815 0.286111 0.083333 0.144444
2 0.419444 0.345139 0.087037 0.137500
2 0.498611 0.452083 0.080556 0.143056
1 0.549537 0.620833 0.069444 0.130556
2 0.614352 0.746528 0.082407 0.145833
0 0.686574 0.788194 0.069444 0.126389
1 0.664815 0.620139 0.074074 0.131944
4 0.729167 0.417361 0.110185 0.187500
4 0.568056 0.333333 0.104630 0.177778
3 0.456481 0.583333 0.101852 0.166667
3 0.408796 0.497917 0.100926 0.168056
1 0.404167 0.207639 0.075000 0.126389
3 0.479630 0.170139 0.090741 0.162500
