1 0.279630 0.588889 0.074074 0.138889
2 0.311111 0.720139 0.090741 0.156944
2 0.378241 0.627083 0.086111 0.154167
1 0.327778 0.464583 0.077778 0.134722
0 0.378704 0.343750 0.072222 0.123611
2 0.469444 0.296528 0.087037 0.148611
4 0.444907 0.484722 0.104630 0.186111
3 0.510648 0.520139 0.091667 0.181944
3 0.587963 0.634722 0.090741 0.163889
3 0.600000 0.584722 0.094444 0.163889
1 0.679630 0.388889 0.072222 0.141667
1 0.429167 0.789583 0.084259 0.148611
0 0.525000 0.854861 0.070370 0.134722
2 0.605556 0.761806 0.087037 0.151389
4 0.503704 0.700694 0.107407 0.184722
