0 0.268519 0.279861 0.075926 0.134722
0 0.356944 0.313194 0.067593 0.126389
0 0.436111 0.219444 0.074074 0.125000
1 0.368981 0.439583 0.073148 0.131944
1 0.638889 0.665278 0.072222 0.138889
1 0.468981 0.811111 0.069444 0.127778
3 0.282407 0.425000 0.090741 0.169444
2 0.241667 0.564583 0.081481 0.143056
4 0.360648 0.597917 0.102778 0.187500
2 0.427315 0.359722 0.080556 0.144444
2 0.501852 0.411111 0.083333 0.141667
3 0.547222 0.540972 0.092593 0.168056
3 0.468519 0.654167 0.094444 0.172222
4 0.559722 0.732639 0.108333 0.181944
2 0.443519 0.509028 0.085185 0.137500
